100 4950
1 4 210
1 5 350
1 6 483
1 7 360
1 8 208
1 9 363
1 10 15
1 11 130
1 12 187
1 13 110
1 14 135
1 15 49
1 16 97
1 17 259
1 18 188
1 19 492
1 20 475
1 21 74
1 22 67
1 23 379
1 24 305
1 25 22
1 26 207
1 27 118
1 28 476
1 29 353
1 30 111
1 31 243
1 32 321
1 33 307
1 34 353
1 35 67
1 36 376
1 37 260
1 38 235
1 39 291
1 40 396
1 41 258
1 42 342
1 43 82
1 44 130
1 45 295
1 46 368
1 47 96
1 48 195
1 49 235
1 50 459
1 51 486
1 52 149
1 53 162
1 54 329
1 55 323
1 56 54
1 57 76
1 58 435
1 59 146
1 60 68
1 61 369
1 62 332
1 63 462
1 64 480
1 65 455
1 66 48
1 67 394
1 68 419
1 69 57
1 70 357
1 71 454
1 72 468
1 73 470
1 74 56
1 75 61
1 76 361
1 77 334
1 78 3
1 79 203
1 80 203
1 81 183
1 82 47
1 83 234
1 84 152
1 85 128
1 86 206
1 87 450
1 88 113
1 89 116
1 90 208
1 91 361
1 92 217
1 93 56
1 94 111
1 95 370
1 96 339
1 97 254
1 98 122
1 99 67
1 100 65
2 3 230
2 4 300
2 5 21
2 6 476
2 7 413
2 8 285
2 9 111
2 10 56
2 11 432
2 12 210
2 13 412
2 14 264
2 15 130
2 16 470
2 17 316
2 18 39
2 19 311
2 20 152
2 21 484
2 22 423
2 23 200
2 24 290
2 25 150
2 26 136
2 27 472
2 28 416
2 29 487
2 30 319
2 31 252
2 32 221
2 33 171
2 34 421
2 35 208
2 36 134
2 37 415
2 38 127
2 39 256
2 40 364
2 41 366
2 42 271
2 43 291
2 44 357
2 45 349
2 46 172
2 47 234
2 48 414
2 49 153
2 50 114
2 51 183
2 52 28
2 53 136
2 54 159
2 55 306
2 56 489
2 57 267
2 58 434
2 59 37
2 60 98
2 61 57
2 62 229
2 63 251
2 64 29
2 65 465
2 66 334
2 67 99
2 68 449
2 69 445
2 70 46
2 71 21
2 72 78
2 73 189
2 74 456
2 75 177
2 76 497
2 77 167
2 78 52
2 79 327
2 80 321
2 81 438
2 82 404
2 83 493
2 84 418
2 85 499
2 86 17
2 87 57
2 88 249
2 89 386
2 90 87
2 91 221
2 92 261
2 93 384
2 94 449
2 95 326
2 96 141
2 97 210
2 98 314
2 99 256
2 100 159
3 4 357
3 5 136
3 6 198
3 7 85
3 8 161
3 9 157
3 10 401
3 11 467
3 12 0
3 13 41
3 14 236
3 15 28
3 16 192
3 17 91
3 18 63
3 19 35
3 20 345
3 21 452
3 22 363
3 23 135
3 24 72
3 25 162
3 26 280
3 27 422
3 28 257
3 29 169
3 30 321
3 31 123
3 32 259
3 33 401
3 34 97
3 35 253
3 36 179
3 37 390
3 38 266
3 39 110
3 40 45
3 41 199
3 42 360
3 43 462
3 44 177
3 45 457
3 46 141
3 47 50
3 48 403
3 49 46
3 50 126
3 51 219
3 52 127
3 53 156
3 54 446
3 55 73
3 56 231
3 57 48
3 58 32
3 59 194
3 60 57
3 61 159
3 62 439
3 63 165
3 64 65
3 65 389
3 66 323
3 67 139
3 68 421
3 69 198
3 70 173
3 71 476
3 72 428
3 73 167
3 74 46
3 75 344
3 76 13
3 77 55
3 78 220
3 79 197
3 80 161
3 81 194
3 82 18
3 83 72
3 84 471
3 85 396
3 86 408
3 87 282
3 88 398
3 89 256
3 90 105
3 91 378
3 92 148
3 93 290
3 94 142
3 95 397
3 96 111
3 97 259
3 98 445
3 99 212
3 100 268
4 5 53
4 6 305
4 7 352
4 8 387
4 9 484
4 10 98
4 11 438
4 12 10
4 13 43
4 14 216
4 15 47
4 16 141
4 17 277
4 18 416
4 19 159
4 20 15
4 21 331
4 22 123
4 23 201
4 24 108
4 25 364
4 26 39
4 27 15
4 28 255
4 29 288
4 30 57
4 31 328
4 32 220
4 33 36
4 34 196
4 35 92
4 36 173
4 37 359
4 38 498
4 39 88
4 40 333
4 41 21
4 42 85
4 43 258
4 44 292
4 45 402
4 46 229
4 47 449
4 48 432
4 49 241
4 50 340
4 51 360
4 52 406
4 53 369
4 54 203
4 55 341
4 56 117
4 57 98
4 58 394
4 59 446
4 60 207
4 61 35
4 62 489
4 63 312
4 64 14
4 65 499
4 66 110
4 67 36
4 68 63
4 69 325
4 70 417
4 71 342
4 72 172
4 73 35
4 74 91
4 75 497
4 76 165
4 77 191
4 78 416
4 79 406
4 80 276
4 81 352
4 82 177
4 83 408
4 84 232
4 85 351
4 86 148
4 87 13
4 88 233
4 89 429
4 90 193
4 91 466
4 92 294
4 93 70
4 94 10
4 95 440
4 96 405
4 97 229
4 98 410
4 99 411
4 100 116
5 6 276
5 7 26
5 8 0
5 9 0
5 10 378
5 11 447
5 12 484
5 13 390
5 14 106
5 15 88
5 16 50
5 17 349
5 18 496
5 19 121
5 20 396
5 21 90
5 22 159
5 23 26
5 24 457
5 25 135
5 26 89
5 27 412
5 28 499
5 29 376
5 30 303
5 31 28
5 32 83
5 33 90
5 34 376
5 35 13
5 36 246
5 37 266
5 38 463
5 39 256
5 40 359
5 41 459
5 42 334
5 43 68
5 44 451
5 45 399
5 46 329
5 47 358
5 48 87
5 49 98
5 50 231
5 51 496
5 52 328
5 53 260
5 54 311
5 55 26
5 56 301
5 57 417
5 58 40
5 59 359
5 60 110
5 61 214
5 62 339
5 63 26
5 64 134
5 65 218
5 66 47
5 67 354
5 68 175
5 69 290
5 70 477
5 71 88
5 72 160
5 73 271
5 74 237
5 75 246
5 76 424
5 77 267
5 78 265
5 79 122
5 80 11
5 81 428
5 82 346
5 83 39
5 84 166
5 85 157
5 86 226
5 87 38
5 88 386
5 89 293
5 90 397
5 91 357
5 92 437
5 93 435
5 94 444
5 95 482
5 96 0
5 97 498
5 98 76
5 99 282
5 100 357
6 7 102
6 8 248
6 9 489
6 10 462
6 11 85
6 12 385
6 13 309
6 14 354
6 15 458
6 16 78
6 17 99
6 18 498
6 19 470
6 20 148
6 21 406
6 22 412
6 23 16
6 24 147
6 25 314
6 26 74
6 27 200
6 28 30
6 29 402
6 30 270
6 31 259
6 32 231
6 33 223
6 34 212
6 35 426
6 36 429
6 37 291
6 38 463
6 39 308
6 40 209
6 41 21
6 42 299
6 43 225
6 44 50
6 45 455
6 46 175
6 47 20
6 48 319
6 49 124
6 50 408
6 51 158
6 52 30
6 53 432
6 54 200
6 55 306
6 56 374
6 57 394
6 58 466
6 59 68
6 60 79
6 61 313
6 62 87
6 63 341
6 64 156
6 65 4
6 66 353
6 67 161
6 68 145
6 69 19
6 70 7
6 71 204
6 72 210
6 73 199
6 74 376
6 75 81
6 76 217
6 77 369
6 78 260
6 79 433
6 80 68
6 81 61
6 82 115
6 83 372
6 84 204
6 85 325
6 86 203
6 87 5
6 88 216
6 89 166
6 90 216
6 91 414
6 92 223
6 93 332
6 94 461
6 95 134
6 96 67
6 97 381
6 98 167
6 99 189
6 100 224
7 8 42
7 9 77
7 10 340
7 11 271
7 12 374
7 13 104
7 14 75
7 15 133
7 16 454
7 17 343
7 18 13
7 19 284
7 20 177
7 21 197
7 22 120
7 23 102
7 24 435
7 25 151
7 26 465
7 27 147
7 28 218
7 29 293
7 30 196
7 31 0
7 32 411
7 33 97
7 34 483
7 35 247
7 36 349
7 37 366
7 38 63
7 39 66
7 40 207
7 41 471
7 42 488
7 43 42
7 44 296
7 45 399
7 46 294
7 47 46
7 48 40
7 49 187
7 50 192
7 51 218
7 52 459
7 53 85
7 54 150
7 55 41
7 56 441
7 57 46
7 58 280
7 59 171
7 60 168
7 61 340
7 62 432
7 63 22
7 64 351
7 65 254
7 66 291
7 67 429
7 68 148
7 69 380
7 70 399
7 71 261
7 72 210
7 73 239
7 74 380
7 75 162
7 76 105
7 77 136
7 78 287
7 79 272
7 80 68
7 81 28
7 82 255
7 83 165
7 84 489
7 85 308
7 86 477
7 87 417
7 88 352
7 89 280
7 90 60
7 91 140
7 92 250
7 93 453
7 94 302
7 95 434
7 96 320
7 97 447
7 98 254
7 99 100
7 100 362
8 9 292
8 10 417
8 11 29
8 12 477
8 13 195
8 14 306
8 15 203
8 16 43
8 17 415
8 18 384
8 19 293
8 20 402
8 21 405
8 22 114
8 23 417
8 24 115
8 25 70
8 26 400
8 27 307
8 28 322
8 29 466
8 30 460
8 31 260
8 32 335
8 33 189
8 34 56
8 35 388
8 36 396
8 37 381
8 38 374
8 39 438
8 40 129
8 41 482
8 42 362
8 43 371
8 44 214
8 45 10
8 46 461
8 47 466
8 48 384
8 49 266
8 50 260
8 51 28
8 52 246
8 53 159
8 54 249
8 55 472
8 56 31
8 57 78
8 58 8
8 59 378
8 60 364
8 61 333
8 62 471
8 63 25
8 64 29
8 65 485
8 66 159
8 67 476
8 68 88
8 69 459
8 70 311
8 71 409
8 72 58
8 73 426
8 74 403
8 75 417
8 76 70
8 77 25
8 78 223
8 79 327
8 80 305
8 81 180
8 82 171
8 83 27
8 84 2
8 85 233
8 86 38
8 87 449
8 88 460
8 89 183
8 90 379
8 91 313
8 92 329
8 93 39
8 94 102
8 95 26
8 96 307
8 97 86
8 98 403
8 99 150
8 100 272
9 10 65
9 11 60
9 12 466
9 13 4
9 14 13
9 15 239
9 16 472
9 17 175
9 18 259
9 19 488
9 20 423
9 21 44
9 22 323
9 23 240
9 24 109
9 25 481
9 26 175
9 27 263
9 28 100
9 29 467
9 30 246
9 31 210
9 32 40
9 33 10
9 34 204
9 35 356
9 36 441
9 37 41
9 38 30
9 39 56
9 40 309
9 41 390
9 42 394
9 43 366
9 44 401
9 45 90
9 46 344
9 47 140
9 48 356
9 49 94
9 50 358
9 51 302
9 52 354
9 53 103
9 54 214
9 55 54
9 56 229
9 57 76
9 58 409
9 59 406
9 60 52
9 61 353
9 62 290
9 63 140
9 64 199
9 65 487
9 66 21
9 67 69
9 68 163
9 69 382
9 70 222
9 71 108
9 72 240
9 73 479
9 74 239
9 75 367
9 76 120
9 77 341
9 78 170
9 79 216
9 80 129
9 81 271
9 82 421
9 83 226
9 84 88
9 85 430
9 86 51
9 87 322
9 88 447
9 89 494
9 90 203
9 91 190
9 92 21
9 93 62
9 94 366
9 95 227
9 96 348
9 97 295
9 98 320
9 99 205
9 100 104
10 11 116
10 12 97
10 13 435
10 14 430
10 15 239
10 16 298
10 17 82
10 18 216
10 19 0
10 20 373
10 21 139
10 22 433
10 23 314
10 24 492
10 25 246
10 26 17
10 27 194
10 28 259
10 29 250
10 30 213
10 31 19
10 32 280
10 33 385
10 34 115
10 35 250
10 36 450
10 37 467
10 38 471
10 39 136
10 40 495
10 41 105
10 42 86
10 43 174
10 44 450
10 45 94
10 46 196
10 47 127
10 48 271
10 49 161
10 50 275
10 51 19
10 52 347
10 53 308
10 54 333
10 55 18
10 56 449
10 57 207
10 58 390
10 59 347
10 60 209
10 61 155
10 62 54
10 63 410
10 64 344
10 65 243
10 66 335
10 67 419
10 68 114
10 69 86
10 70 217
10 71 302
10 72 71
10 73 220
10 74 454
10 75 490
10 76 26
10 77 428
10 78 7
10 79 199
10 80 300
10 81 495
10 82 171
10 83 189
10 84 16
10 85 241
10 86 87
10 87 421
10 88 240
10 89 380
10 90 82
10 91 29
10 92 421
10 93 427
10 94 419
10 95 380
10 96 221
10 97 297
10 98 151
10 99 326
10 100 121
11 12 77
11 13 479
11 14 226
11 15 186
11 16 413
11 17 88
11 18 205
11 19 330
11 20 63
11 21 365
11 22 178
11 23 303
11 24 428
11 25 166
11 26 422
11 27 372
11 28 107
11 29 74
11 30 22
11 31 117
11 32 353
11 33 210
11 34 112
11 35 65
11 36 438
11 37 390
11 38 357
11 39 462
11 40 142
11 41 107
11 42 276
11 43 365
11 44 291
11 45 78
11 46 343
11 47 179
11 48 490
11 49 309
11 50 411
11 51 38
11 52 287
11 53 411
11 54 461
11 55 353
11 56 8
11 57 269
11 58 284
11 59 230
11 60 72
11 61 189
11 62 304
11 63 446
11 64 412
11 65 385
11 66 434
11 67 58
11 68 18
11 69 391
11 70 46
11 71 383
11 72 60
11 73 153
11 74 174
11 75 102
11 76 1
11 77 91
11 78 75
11 79 245
11 80 191
11 81 32
11 82 300
11 83 296
11 84 158
11 85 320
11 86 439
11 87 317
11 88 462
11 89 375
11 90 201
11 91 88
11 92 4
11 93 55
11 94 235
11 95 93
11 96 138
11 97 344
11 98 151
11 99 272
11 100 273
12 13 315
12 14 490
12 15 284
12 16 90
12 17 68
12 18 479
12 19 362
12 20 361
12 21 67
12 22 370
12 23 321
12 24 229
12 25 203
12 26 72
12 27 148
12 28 12
12 29 422
12 30 420
12 31 48
12 32 264
12 33 263
12 34 148
12 35 50
12 36 308
12 37 74
12 38 2
12 39 187
12 40 306
12 41 340
12 42 78
12 43 197
12 44 66
12 45 154
12 46 15
12 47 434
12 48 223
12 49 200
12 50 463
12 51 212
12 52 305
12 53 146
12 54 192
12 55 267
12 56 375
12 57 345
12 58 258
12 59 332
12 60 230
12 61 415
12 62 199
12 63 320
12 64 418
12 65 303
12 66 431
12 67 133
12 68 111
12 69 483
12 70 167
12 71 24
12 72 209
12 73 302
12 74 12
12 75 197
12 76 179
12 77 100
12 78 218
12 79 239
12 80 440
12 81 41
12 82 68
12 83 262
12 84 498
12 85 149
12 86 171
12 87 475
12 88 495
12 89 96
12 90 388
12 91 263
12 92 24
12 93 106
12 94 81
12 95 144
12 96 141
12 97 230
12 98 29
12 99 474
12 100 382
13 14 130
13 15 4
13 16 386
13 17 369
13 18 53
13 19 330
13 20 398
13 21 15
13 22 357
13 23 287
13 24 344
13 25 405
13 26 291
13 27 365
13 28 201
13 29 205
13 30 114
13 31 474
13 32 70
13 33 14
13 34 96
13 35 111
13 36 314
13 37 386
13 38 218
13 39 331
13 40 170
13 41 227
13 42 313
13 43 108
13 44 145
13 45 438
13 46 80
13 47 67
13 48 237
13 49 113
13 50 89
13 51 218
13 52 460
13 53 85
13 54 291
13 55 74
13 56 4
13 57 345
13 58 75
13 59 275
13 60 471
13 61 481
13 62 414
13 63 126
13 64 131
13 65 54
13 66 432
13 67 35
13 68 465
13 69 440
13 70 292
13 71 167
13 72 20
13 73 392
13 74 256
13 75 402
13 76 82
13 77 34
13 78 312
13 79 351
13 80 177
13 81 372
13 82 145
13 83 150
13 84 334
13 85 170
13 86 477
13 87 12
13 88 157
13 89 107
13 90 483
13 91 250
13 92 40
13 93 148
13 94 375
13 95 423
13 96 191
13 97 82
13 98 79
13 99 406
13 100 79
14 15 228
14 16 414
14 17 395
14 18 312
14 19 8
14 20 106
14 21 323
14 22 89
14 23 219
14 24 379
14 25 232
14 26 361
14 27 0
14 28 345
14 29 125
14 30 485
14 31 94
14 32 30
14 33 297
14 34 238
14 35 30
14 36 122
14 37 432
14 38 274
14 39 149
14 40 420
14 41 434
14 42 97
14 43 338
14 44 233
14 45 267
14 46 267
14 47 446
14 48 152
14 49 428
14 50 55
14 51 346
14 52 32
14 53 124
14 54 328
14 55 232
14 56 404
14 57 357
14 58 171
14 59 173
14 60 286
14 61 18
14 62 187
14 63 339
14 64 336
14 65 347
14 66 53
14 67 271
14 68 435
14 69 318
14 70 8
14 71 149
14 72 267
14 73 381
14 74 371
14 75 123
14 76 394
14 77 312
14 78 162
14 79 443
14 80 275
14 81 101
14 82 26
14 83 467
14 84 242
14 85 228
14 86 422
14 87 230
14 88 131
14 89 251
14 90 62
14 91 403
14 92 398
14 93 243
14 94 242
14 95 25
14 96 102
14 97 10
14 98 401
14 99 367
14 100 390
15 16 209
15 17 120
15 18 20
15 19 463
15 20 312
15 21 33
15 22 129
15 23 37
15 24 51
15 25 340
15 26 72
15 27 32
15 28 434
15 29 86
15 30 219
15 31 103
15 32 123
15 33 406
15 34 409
15 35 453
15 36 257
15 37 31
15 38 379
15 39 179
15 40 303
15 41 387
15 42 431
15 43 149
15 44 267
15 45 313
15 46 237
15 47 406
15 48 476
15 49 435
15 50 455
15 51 272
15 52 74
15 53 280
15 54 285
15 55 359
15 56 63
15 57 452
15 58 130
15 59 124
15 60 328
15 61 101
15 62 431
15 63 396
15 64 361
15 65 225
15 66 92
15 67 392
15 68 212
15 69 207
15 70 299
15 71 95
15 72 30
15 73 79
15 74 228
15 75 235
15 76 468
15 77 105
15 78 142
15 79 453
15 80 463
15 81 231
15 82 432
15 83 271
15 84 436
15 85 26
15 86 156
15 87 165
15 88 113
15 89 347
15 90 208
15 91 255
15 92 52
15 93 195
15 94 447
15 95 447
15 96 263
15 97 338
15 98 122
15 99 2
15 100 318
16 17 43
16 18 8
16 19 163
16 20 392
16 21 292
16 22 386
16 23 36
16 24 482
16 25 31
16 26 348
16 27 171
16 28 354
16 29 74
16 30 495
16 31 487
16 32 224
16 33 114
16 34 11
16 35 371
16 36 72
16 37 193
16 38 257
16 39 195
16 40 497
16 41 118
16 42 268
16 43 218
16 44 74
16 45 214
16 46 229
16 47 22
16 48 263
16 49 358
16 50 263
16 51 326
16 52 436
16 53 457
16 54 137
16 55 54
16 56 438
16 57 255
16 58 367
16 59 365
16 60 246
16 61 243
16 62 142
16 63 380
16 64 1
16 65 46
16 66 194
16 67 120
16 68 189
16 69 56
16 70 202
16 71 108
16 72 347
16 73 498
16 74 113
16 75 242
16 76 394
16 77 329
16 78 97
16 79 292
16 80 435
16 81 218
16 82 68
16 83 292
16 84 54
16 85 265
16 86 75
16 87 251
16 88 91
16 89 30
16 90 133
16 91 321
16 92 417
16 93 447
16 94 330
16 95 99
16 96 413
16 97 42
16 98 220
16 99 87
16 100 209
17 18 332
17 19 346
17 20 30
17 21 156
17 22 31
17 23 346
17 24 21
17 25 272
17 26 348
17 27 321
17 28 91
17 29 452
17 30 383
17 31 411
17 32 298
17 33 85
17 34 148
17 35 222
17 36 402
17 37 175
17 38 236
17 39 289
17 40 101
17 41 169
17 42 291
17 43 480
17 44 365
17 45 303
17 46 368
17 47 263
17 48 203
17 49 63
17 50 356
17 51 238
17 52 59
17 53 305
17 54 248
17 55 487
17 56 475
17 57 96
17 58 465
17 59 25
17 60 440
17 61 455
17 62 104
17 63 227
17 64 376
17 65 82
17 66 188
17 67 281
17 68 54
17 69 239
17 70 349
17 71 127
17 72 198
17 73 411
17 74 249
17 75 318
17 76 363
17 77 320
17 78 414
17 79 92
17 80 141
17 81 343
17 82 350
17 83 254
17 84 69
17 85 54
17 86 413
17 87 43
17 88 231
17 89 118
17 90 352
17 91 317
17 92 247
17 93 429
17 94 210
17 95 423
17 96 97
17 97 150
17 98 403
17 99 461
17 100 473
18 19 280
18 20 198
18 21 495
18 22 366
18 23 121
18 24 208
18 25 290
18 26 389
18 27 238
18 28 400
18 29 378
18 30 19
18 31 22
18 32 280
18 33 360
18 34 81
18 35 297
18 36 25
18 37 471
18 38 138
18 39 387
18 40 178
18 41 466
18 42 241
18 43 117
18 44 246
18 45 321
18 46 387
18 47 116
18 48 365
18 49 466
18 50 401
18 51 284
18 52 8
18 53 279
18 54 327
18 55 141
18 56 402
18 57 218
18 58 375
18 59 429
18 60 394
18 61 425
18 62 438
18 63 90
18 64 352
18 65 9
18 66 454
18 67 251
18 68 429
18 69 331
18 70 274
18 71 261
18 72 104
18 73 430
18 74 28
18 75 452
18 76 412
18 77 217
18 78 432
18 79 409
18 80 339
18 81 477
18 82 16
18 83 296
18 84 430
18 85 91
18 86 318
18 87 113
18 88 393
18 89 299
18 90 439
18 91 206
18 92 108
18 93 343
18 94 176
18 95 279
18 96 306
18 97 276
18 98 493
18 99 182
18 100 235
19 20 30
19 21 331
19 22 220
19 23 457
19 24 281
19 25 467
19 26 435
19 27 494
19 28 226
19 29 113
19 30 486
19 31 321
19 32 333
19 33 42
19 34 281
19 35 487
19 36 326
19 37 79
19 38 273
19 39 62
19 40 384
19 41 58
19 42 73
19 43 69
19 44 224
19 45 382
19 46 270
19 47 181
19 48 9
19 49 147
19 50 378
19 51 365
19 52 97
19 53 447
19 54 218
19 55 129
19 56 279
19 57 439
19 58 393
19 59 132
19 60 55
19 61 216
19 62 265
19 63 44
19 64 60
19 65 251
19 66 411
19 67 402
19 68 142
19 69 446
19 70 204
19 71 63
19 72 25
19 73 482
19 74 397
19 75 192
19 76 467
19 77 61
19 78 12
19 79 65
19 80 233
19 81 44
19 82 405
19 83 346
19 84 376
19 85 17
19 86 444
19 87 224
19 88 468
19 89 207
19 90 180
19 91 370
19 92 107
19 93 333
19 94 430
19 95 17
19 96 5
19 97 172
19 98 157
19 99 272
19 100 483
20 21 95
20 22 88
20 23 485
20 24 126
20 25 231
20 26 127
20 27 435
20 28 149
20 29 19
20 30 225
20 31 275
20 32 22
20 33 252
20 34 497
20 35 428
20 36 223
20 37 141
20 38 63
20 39 50
20 40 269
20 41 61
20 42 74
20 43 56
20 44 31
20 45 133
20 46 11
20 47 124
20 48 441
20 49 403
20 50 37
20 51 447
20 52 429
20 53 224
20 54 128
20 55 318
20 56 460
20 57 297
20 58 65
20 59 408
20 60 130
20 61 90
20 62 371
20 63 144
20 64 121
20 65 196
20 66 25
20 67 367
20 68 335
20 69 56
20 70 49
20 71 307
20 72 430
20 73 61
20 74 417
20 75 493
20 76 405
20 77 146
20 78 70
20 79 445
20 80 383
20 81 249
20 82 471
20 83 234
20 84 315
20 85 261
20 86 405
20 87 373
20 88 439
20 89 430
20 90 392
20 91 61
20 92 99
20 93 485
20 94 194
20 95 350
20 96 197
20 97 51
20 98 153
20 99 4
20 100 362
21 22 253
21 23 247
21 24 159
21 25 392
21 26 480
21 27 105
21 28 45
21 29 25
21 30 2
21 31 475
21 32 280
21 33 255
21 34 486
21 35 4
21 36 14
21 37 118
21 38 319
21 39 279
21 40 262
21 41 228
21 42 86
21 43 108
21 44 398
21 45 477
21 46 281
21 47 82
21 48 274
21 49 319
21 50 237
21 51 347
21 52 131
21 53 334
21 54 464
21 55 44
21 56 348
21 57 134
21 58 302
21 59 186
21 60 226
21 61 494
21 62 261
21 63 213
21 64 107
21 65 218
21 66 415
21 67 405
21 68 193
21 69 174
21 70 323
21 71 351
21 72 264
21 73 349
21 74 364
21 75 171
21 76 204
21 77 250
21 78 116
21 79 195
21 80 107
21 81 424
21 82 343
21 83 486
21 84 99
21 85 483
21 86 306
21 87 74
21 88 334
21 89 373
21 90 121
21 91 360
21 92 262
21 93 187
21 94 335
21 95 386
21 96 251
21 97 334
21 98 439
21 99 46
21 100 487
22 23 475
22 24 173
22 25 22
22 26 265
22 27 358
22 28 246
22 29 351
22 30 128
22 31 44
22 32 275
22 33 63
22 34 58
22 35 37
22 36 373
22 37 26
22 38 14
22 39 344
22 40 0
22 41 461
22 42 158
22 43 407
22 44 413
22 45 65
22 46 64
22 47 94
22 48 214
22 49 301
22 50 292
22 51 427
22 52 14
22 53 67
22 54 439
22 55 221
22 56 246
22 57 357
22 58 265
22 59 225
22 60 11
22 61 379
22 62 79
22 63 37
22 64 73
22 65 205
22 66 493
22 67 278
22 68 148
22 69 345
22 70 171
22 71 359
22 72 62
22 73 86
22 74 427
22 75 213
22 76 356
22 77 393
22 78 488
22 79 187
22 80 170
22 81 347
22 82 463
22 83 78
22 84 227
22 85 215
22 86 165
22 87 70
22 88 33
22 89 36
22 90 101
22 91 35
22 92 85
22 93 54
22 94 429
22 95 494
22 96 203
22 97 468
22 98 264
22 99 180
22 100 242
23 24 101
23 25 311
23 26 453
23 27 361
23 28 458
23 29 442
23 30 32
23 31 99
23 32 409
23 33 264
23 34 246
23 35 155
23 36 311
23 37 59
23 38 331
23 39 332
23 40 226
23 41 443
23 42 497
23 43 198
23 44 246
23 45 113
23 46 339
23 47 240
23 48 189
23 49 354
23 50 50
23 51 22
23 52 406
23 53 184
23 54 499
23 55 89
23 56 242
23 57 110
23 58 359
23 59 253
23 60 309
23 61 171
23 62 105
23 63 123
23 64 213
23 65 140
23 66 16
23 67 398
23 68 85
23 69 150
23 70 97
23 71 232
23 72 284
23 73 166
23 74 107
23 75 249
23 76 298
23 77 135
23 78 483
23 79 347
23 80 238
23 81 333
23 82 355
23 83 42
23 84 209
23 85 366
23 86 34
23 87 362
23 88 369
23 89 368
23 90 328
23 91 448
23 92 459
23 93 489
23 94 295
23 95 467
23 96 422
23 97 181
23 98 430
23 99 209
23 100 73
24 25 117
24 26 15
24 27 334
24 28 468
24 29 418
24 30 130
24 31 266
24 32 191
24 33 15
24 34 350
24 35 270
24 36 184
24 37 156
24 38 135
24 39 319
24 40 255
24 41 223
24 42 440
24 43 105
24 44 35
24 45 35
24 46 291
24 47 340
24 48 196
24 49 250
24 50 252
24 51 478
24 52 243
24 53 79
24 54 190
24 55 59
24 56 244
24 57 341
24 58 33
24 59 199
24 60 275
24 61 98
24 62 312
24 63 22
24 64 277
24 65 41
24 66 466
24 67 146
24 68 489
24 69 208
24 70 112
24 71 265
24 72 22
24 73 163
24 74 159
24 75 346
24 76 330
24 77 146
24 78 480
24 79 276
24 80 416
24 81 362
24 82 217
24 83 202
24 84 140
24 85 296
24 86 430
24 87 344
24 88 413
24 89 388
24 90 455
24 91 405
24 92 78
24 93 270
24 94 50
24 95 373
24 96 428
24 97 319
24 98 164
24 99 412
24 100 304
25 26 318
25 27 123
25 28 145
25 29 128
25 30 380
25 31 149
25 32 339
25 33 100
25 34 148
25 35 83
25 36 5
25 37 285
25 38 22
25 39 176
25 40 176
25 41 247
25 42 430
25 43 67
25 44 193
25 45 319
25 46 299
25 47 75
25 48 72
25 49 78
25 50 483
25 51 416
25 52 374
25 53 90
25 54 268
25 55 92
25 56 125
25 57 8
25 58 411
25 59 30
25 60 424
25 61 109
25 62 370
25 63 261
25 64 247
25 65 215
25 66 239
25 67 13
25 68 137
25 69 320
25 70 240
25 71 212
25 72 90
25 73 318
25 74 93
25 75 365
25 76 348
25 77 106
25 78 270
25 79 57
25 80 39
25 81 383
25 82 330
25 83 209
25 84 316
25 85 32
25 86 32
25 87 395
25 88 268
25 89 223
25 90 412
25 91 259
25 92 434
25 93 131
25 94 119
25 95 357
25 96 251
25 97 183
25 98 138
25 99 91
25 100 236
26 27 303
26 28 380
26 29 233
26 30 85
26 31 102
26 32 152
26 33 449
26 34 268
26 35 276
26 36 107
26 37 177
26 38 244
26 39 305
26 40 33
26 41 351
26 42 269
26 43 90
26 44 180
26 45 29
26 46 368
26 47 229
26 48 335
26 49 210
26 50 41
26 51 177
26 52 8
26 53 297
26 54 479
26 55 143
26 56 211
26 57 139
26 58 231
26 59 122
26 60 181
26 61 498
26 62 480
26 63 93
26 64 266
26 65 426
26 66 143
26 67 182
26 68 218
26 69 352
26 70 280
26 71 465
26 72 393
26 73 403
26 74 40
26 75 99
26 76 462
26 77 52
26 78 300
26 79 37
26 80 365
26 81 194
26 82 484
26 83 231
26 84 310
26 85 86
26 86 471
26 87 485
26 88 267
26 89 230
26 90 482
26 91 239
26 92 323
26 93 311
26 94 390
26 95 103
26 96 44
26 97 243
26 98 359
26 99 47
26 100 13
27 28 150
27 29 158
27 30 418
27 31 347
27 32 175
27 33 210
27 34 310
27 35 470
27 36 222
27 37 291
27 38 201
27 39 335
27 40 424
27 41 298
27 42 358
27 43 224
27 44 282
27 45 408
27 46 26
27 47 199
27 48 438
27 49 139
27 50 400
27 51 401
27 52 57
27 53 228
27 54 352
27 55 435
27 56 448
27 57 104
27 58 306
27 59 270
27 60 488
27 61 382
27 62 305
27 63 44
27 64 261
27 65 307
27 66 213
27 67 258
27 68 135
27 69 403
27 70 429
27 71 426
27 72 32
27 73 64
27 74 421
27 75 137
27 76 217
27 77 211
27 78 35
27 79 401
27 80 27
27 81 11
27 82 427
27 83 45
27 84 183
27 85 350
27 86 325
27 87 432
27 88 170
27 89 253
27 90 414
27 91 81
27 92 38
27 93 130
27 94 379
27 95 439
27 96 166
27 97 130
27 98 108
27 99 113
27 100 64
28 29 236
28 30 25
28 31 92
28 32 54
28 33 327
28 34 171
28 35 168
28 36 437
28 37 25
28 38 105
28 39 431
28 40 371
28 41 484
28 42 470
28 43 201
28 44 162
28 45 26
28 46 84
28 47 242
28 48 315
28 49 490
28 50 341
28 51 23
28 52 244
28 53 407
28 54 410
28 55 50
28 56 236
28 57 7
28 58 237
28 59 72
28 60 50
28 61 250
28 62 46
28 63 119
28 64 461
28 65 90
28 66 451
28 67 211
28 68 406
28 69 445
28 70 2
28 71 379
28 72 215
28 73 111
28 74 365
28 75 54
28 76 343
28 77 392
28 78 355
28 79 165
28 80 352
28 81 481
28 82 407
28 83 383
28 84 116
28 85 431
28 86 375
28 87 186
28 88 438
28 89 330
28 90 62
28 91 313
28 92 427
28 93 62
28 94 178
28 95 19
28 96 75
28 97 82
28 98 430
28 99 416
28 100 170
29 30 363
29 31 110
29 32 117
29 33 322
29 34 33
29 35 464
29 36 327
29 37 353
29 38 426
29 39 285
29 40 53
29 41 216
29 42 202
29 43 458
29 44 373
29 45 462
29 46 205
29 47 136
29 48 371
29 49 54
29 50 276
29 51 6
29 52 20
29 53 461
29 54 61
29 55 453
29 56 308
29 57 208
29 58 226
29 59 359
29 60 246
29 61 487
29 62 85
29 63 226
29 64 460
29 65 28
29 66 60
29 67 226
29 68 245
29 69 297
29 70 434
29 71 430
29 72 8
29 73 19
29 74 86
29 75 236
29 76 455
29 77 164
29 78 137
29 79 366
29 80 478
29 81 451
29 82 115
29 83 97
29 84 227
29 85 311
29 86 171
29 87 348
29 88 2
29 89 222
29 90 201
29 91 195
29 92 226
29 93 225
29 94 271
29 95 465
29 96 436
29 97 422
29 98 232
29 99 338
29 100 71
30 31 68
30 32 321
30 33 146
30 34 317
30 35 302
30 36 391
30 37 112
30 38 278
30 39 212
30 40 352
30 41 22
30 42 459
30 43 476
30 44 98
30 45 395
30 46 495
30 47 295
30 48 494
30 49 180
30 50 260
30 51 264
30 52 332
30 53 48
30 54 193
30 55 355
30 56 292
30 57 322
30 58 253
30 59 184
30 60 410
30 61 252
30 62 46
30 63 462
30 64 239
30 65 203
30 66 198
30 67 155
30 68 147
30 69 129
30 70 41
30 71 296
30 72 354
30 73 394
30 74 30
30 75 358
30 76 185
30 77 34
30 78 244
30 79 420
30 80 455
30 81 81
30 82 37
30 83 211
30 84 278
30 85 360
30 86 454
30 87 317
30 88 396
30 89 476
30 90 211
30 91 388
30 92 122
30 93 119
30 94 340
30 95 399
30 96 119
30 97 42
30 98 189
30 99 139
30 100 210
31 32 444
31 33 227
31 34 454
31 35 485
31 36 239
31 37 234
31 38 26
31 39 245
31 40 178
31 41 292
31 42 399
31 43 59
31 44 309
31 45 487
31 46 361
31 47 430
31 48 108
31 49 257
31 50 111
31 51 382
31 52 353
31 53 419
31 54 341
31 55 219
31 56 131
31 57 98
31 58 330
31 59 200
31 60 235
31 61 383
31 62 218
31 63 214
31 64 202
31 65 414
31 66 341
31 67 140
31 68 482
31 69 331
31 70 320
31 71 406
31 72 139
31 73 405
31 74 409
31 75 440
31 76 252
31 77 158
31 78 272
31 79 122
31 80 253
31 81 32
31 82 108
31 83 85
31 84 96
31 85 179
31 86 319
31 87 337
31 88 24
31 89 435
31 90 486
31 91 185
31 92 399
31 93 208
31 94 239
31 95 407
31 96 296
31 97 250
31 98 477
31 99 236
31 100 208
32 33 461
32 34 370
32 35 240
32 36 197
32 37 416
32 38 495
32 39 400
32 40 441
32 41 324
32 42 197
32 43 211
32 44 234
32 45 260
32 46 207
32 47 395
32 48 268
32 49 254
32 50 460
32 51 60
32 52 472
32 53 456
32 54 392
32 55 33
32 56 108
32 57 200
32 58 274
32 59 218
32 60 220
32 61 392
32 62 393
32 63 193
32 64 358
32 65 123
32 66 133
32 67 383
32 68 252
32 69 114
32 70 51
32 71 87
32 72 263
32 73 255
32 74 30
32 75 93
32 76 414
32 77 172
32 78 434
32 79 11
32 80 434
32 81 482
32 82 410
32 83 489
32 84 275
32 85 20
32 86 238
32 87 351
32 88 450
32 89 212
32 90 204
32 91 439
32 92 314
32 93 151
32 94 67
32 95 191
32 96 243
32 97 342
32 98 469
32 99 185
32 100 376
33 34 318
33 35 309
33 36 166
33 37 111
33 38 14
33 39 401
33 40 119
33 41 39
33 42 373
33 43 34
33 44 175
33 45 250
33 46 444
33 47 35
33 48 299
33 49 396
33 50 283
33 51 250
33 52 360
33 53 291
33 54 471
33 55 402
33 56 357
33 57 87
33 58 348
33 59 473
33 60 260
33 61 323
33 62 354
33 63 162
33 64 428
33 65 435
33 66 422
33 67 55
33 68 96
33 69 446
33 70 394
33 71 134
33 72 376
33 73 487
33 74 195
33 75 428
33 76 267
33 77 289
33 78 186
33 79 119
33 80 283
33 81 325
33 82 294
33 83 311
33 84 386
33 85 235
33 86 328
33 87 139
33 88 380
33 89 75
33 90 417
33 91 207
33 92 29
33 93 63
33 94 313
33 95 172
33 96 188
33 97 434
33 98 14
33 99 426
33 100 104
34 35 78
34 36 16
34 37 11
34 38 332
34 39 292
34 40 317
34 41 117
34 42 91
34 43 249
34 44 4
34 45 240
34 46 478
34 47 367
34 48 390
34 49 189
34 50 341
34 51 385
34 52 433
34 53 388
34 54 19
34 55 309
34 56 322
34 57 63
34 58 111
34 59 158
34 60 380
34 61 21
34 62 295
34 63 150
34 64 189
34 65 75
34 66 366
34 67 3
34 68 6
34 69 357
34 70 139
34 71 12
34 72 439
34 73 9
34 74 47
34 75 170
34 76 460
34 77 325
34 78 439
34 79 262
34 80 245
34 81 464
34 82 108
34 83 103
34 84 94
34 85 230
34 86 28
34 87 450
34 88 329
34 89 23
34 90 237
34 91 255
34 92 319
34 93 9
34 94 93
34 95 278
34 96 124
34 97 170
34 98 434
34 99 386
34 100 56
35 36 135
35 37 396
35 38 55
35 39 383
35 40 111
35 41 431
35 42 107
35 43 495
35 44 262
35 45 110
35 46 26
35 47 69
35 48 111
35 49 486
35 50 197
35 51 390
35 52 405
35 53 132
35 54 384
35 55 381
35 56 352
35 57 177
35 58 55
35 59 265
35 60 382
35 61 416
35 62 60
35 63 424
35 64 155
35 65 2
35 66 484
35 67 19
35 68 267
35 69 342
35 70 79
35 71 395
35 72 42
35 73 171
35 74 263
35 75 407
35 76 147
35 77 55
35 78 239
35 79 137
35 80 278
35 81 480
35 82 383
35 83 32
35 84 9
35 85 206
35 86 118
35 87 292
35 88 107
35 89 420
35 90 12
35 91 160
35 92 387
35 93 394
35 94 235
35 95 128
35 96 394
35 97 471
35 98 343
35 99 424
35 100 160
36 37 451
36 38 466
36 39 489
36 40 24
36 41 467
36 42 179
36 43 369
36 44 342
36 45 416
36 46 329
36 47 65
36 48 370
36 49 247
36 50 138
36 51 146
36 52 283
36 53 264
36 54 306
36 55 141
36 56 228
36 57 236
36 58 463
36 59 430
36 60 35
36 61 457
36 62 104
36 63 425
36 64 373
36 65 273
36 66 277
36 67 294
36 68 427
36 69 269
36 70 123
36 71 199
36 72 263
36 73 256
36 74 133
36 75 32
36 76 194
36 77 331
36 78 474
36 79 225
36 80 339
36 81 292
36 82 273
36 83 57
36 84 433
36 85 325
36 86 63
36 87 8
36 88 438
36 89 209
36 90 435
36 91 83
36 92 192
36 93 375
36 94 460
36 95 272
36 96 124
36 97 110
36 98 392
36 99 331
36 100 296
37 38 175
37 39 65
37 40 56
37 41 97
37 42 172
37 43 72
37 44 122
37 45 483
37 46 21
37 47 287
37 48 117
37 49 201
37 50 158
37 51 23
37 52 288
37 53 328
37 54 38
37 55 94
37 56 408
37 57 34
37 58 352
37 59 50
37 60 391
37 61 70
37 62 259
37 63 237
37 64 385
37 65 494
37 66 474
37 67 170
37 68 107
37 69 234
37 70 172
37 71 346
37 72 301
37 73 466
37 74 486
37 75 269
37 76 295
37 77 175
37 78 41
37 79 25
37 80 350
37 81 425
37 82 212
37 83 322
37 84 246
37 85 239
37 86 93
37 87 163
37 88 222
37 89 217
37 90 396
37 91 178
37 92 214
37 93 352
37 94 210
37 95 130
37 96 248
37 97 278
37 98 445
37 99 363
37 100 445
38 39 84
38 40 116
38 41 479
38 42 43
38 43 31
38 44 95
38 45 267
38 46 478
38 47 419
38 48 94
38 49 471
38 50 241
38 51 425
38 52 44
38 53 85
38 54 157
38 55 298
38 56 215
38 57 414
38 58 24
38 59 468
38 60 249
38 61 210
38 62 196
38 63 340
38 64 445
38 65 251
38 66 246
38 67 346
38 68 334
38 69 129
38 70 389
38 71 252
38 72 1
38 73 247
38 74 317
38 75 118
38 76 405
38 77 479
38 78 346
38 79 361
38 80 379
38 81 212
38 82 374
38 83 393
38 84 234
38 85 497
38 86 298
38 87 93
38 88 139
38 89 231
38 90 292
38 91 68
38 92 33
38 93 338
38 94 462
38 95 61
38 96 61
38 97 268
38 98 273
38 99 217
38 100 133
39 40 433
39 41 162
39 42 469
39 43 6
39 44 353
39 45 443
39 46 302
39 47 146
39 48 80
39 49 307
39 50 157
39 51 140
39 52 285
39 53 219
39 54 159
39 55 485
39 56 353
39 57 426
39 58 391
39 59 203
39 60 328
39 61 324
39 62 228
39 63 80
39 64 392
39 65 190
39 66 189
39 67 325
39 68 428
39 69 58
39 70 297
39 71 125
39 72 193
39 73 39
39 74 30
39 75 171
39 76 396
39 77 404
39 78 498
39 79 368
39 80 325
39 81 2
39 82 75
39 83 77
39 84 105
39 85 79
39 86 376
39 87 186
39 88 324
39 89 121
39 90 158
39 91 179
39 92 23
39 93 13
39 94 379
39 95 82
39 96 24
39 97 122
39 98 378
39 99 35
39 100 248
40 41 221
40 42 210
40 43 19
40 44 478
40 45 498
40 46 166
40 47 125
40 48 173
40 49 105
40 50 272
40 51 13
40 52 330
40 53 245
40 54 65
40 55 147
40 56 433
40 57 230
40 58 312
40 59 185
40 60 2
40 61 490
40 62 309
40 63 489
40 64 65
40 65 184
40 66 444
40 67 108
40 68 244
40 69 366
40 70 417
40 71 467
40 72 78
40 73 231
40 74 255
40 75 1
40 76 56
40 77 476
40 78 103
40 79 400
40 80 99
40 81 208
40 82 357
40 83 287
40 84 457
40 85 38
40 86 9
40 87 69
40 88 41
40 89 482
40 90 35
40 91 95
40 92 93
40 93 382
40 94 346
40 95 55
40 96 451
40 97 127
40 98 368
40 99 168
40 100 242
41 42 425
41 43 34
41 44 242
41 45 147
41 46 67
41 47 373
41 48 308
41 49 68
41 50 115
41 51 161
41 52 420
41 53 61
41 54 333
41 55 394
41 56 433
41 57 448
41 58 25
41 59 369
41 60 325
41 61 189
41 62 136
41 63 293
41 64 6
41 65 187
41 66 468
41 67 429
41 68 6
41 69 268
41 70 384
41 71 17
41 72 342
41 73 98
41 74 206
41 75 395
41 76 295
41 77 496
41 78 87
41 79 127
41 80 299
41 81 272
41 82 290
41 83 379
41 84 350
41 85 1
41 86 148
41 87 23
41 88 355
41 89 186
41 90 77
41 91 390
41 92 259
41 93 139
41 94 454
41 95 219
41 96 90
41 97 220
41 98 471
41 99 453
41 100 362
42 43 494
42 44 30
42 45 220
42 46 459
42 47 318
42 48 36
42 49 170
42 50 66
42 51 12
42 52 185
42 53 343
42 54 432
42 55 419
42 56 300
42 57 423
42 58 156
42 59 114
42 60 216
42 61 0
42 62 249
42 63 374
42 64 280
42 65 444
42 66 350
42 67 442
42 68 100
42 69 186
42 70 350
42 71 438
42 72 300
42 73 233
42 74 478
42 75 37
42 76 87
42 77 86
42 78 388
42 79 387
42 80 198
42 81 377
42 82 144
42 83 304
42 84 245
42 85 466
42 86 424
42 87 294
42 88 56
42 89 189
42 90 416
42 91 154
42 92 343
42 93 152
42 94 362
42 95 9
42 96 146
42 97 82
42 98 7
42 99 357
42 100 206
43 44 444
43 45 372
43 46 308
43 47 75
43 48 104
43 49 254
43 50 8
43 51 206
43 52 185
43 53 360
43 54 256
43 55 143
43 56 445
43 57 101
43 58 37
43 59 331
43 60 12
43 61 186
43 62 324
43 63 227
43 64 90
43 65 280
43 66 204
43 67 441
43 68 129
43 69 86
43 70 280
43 71 388
43 72 229
43 73 228
43 74 480
43 75 97
43 76 384
43 77 213
43 78 92
43 79 152
43 80 216
43 81 15
43 82 229
43 83 450
43 84 55
43 85 396
43 86 347
43 87 449
43 88 172
43 89 220
43 90 474
43 91 492
43 92 440
43 93 143
43 94 295
43 95 279
43 96 113
43 97 468
43 98 229
43 99 342
43 100 116
44 45 489
44 46 10
44 47 374
44 48 310
44 49 497
44 50 151
44 51 273
44 52 218
44 53 145
44 54 358
44 55 234
44 56 63
44 57 47
44 58 75
44 59 481
44 60 241
44 61 416
44 62 469
44 63 5
44 64 449
44 65 474
44 66 13
44 67 391
44 68 487
44 69 286
44 70 276
44 71 27
44 72 163
44 73 192
44 74 282
44 75 269
44 76 246
44 77 182
44 78 364
44 79 89
44 80 265
44 81 230
44 82 62
44 83 329
44 84 51
44 85 399
44 86 115
44 87 487
44 88 432
44 89 80
44 90 228
44 91 31
44 92 454
44 93 181
44 94 326
44 95 453
44 96 110
44 97 248
44 98 413
44 99 135
44 100 495
45 46 446
45 47 177
45 48 101
45 49 318
45 50 121
45 51 333
45 52 210
45 53 416
45 54 488
45 55 391
45 56 250
45 57 228
45 58 148
45 59 121
45 60 71
45 61 464
45 62 328
45 63 411
45 64 470
45 65 298
45 66 159
45 67 272
45 68 330
45 69 41
45 70 87
45 71 9
45 72 356
45 73 469
45 74 59
45 75 462
45 76 310
45 77 328
45 78 79
45 79 301
45 80 230
45 81 352
45 82 484
45 83 167
45 84 96
45 85 246
45 86 441
45 87 87
45 88 493
45 89 104
45 90 322
45 91 90
45 92 243
45 93 204
45 94 380
45 95 112
45 96 97
45 97 168
45 98 204
45 99 156
45 100 146
46 47 445
46 48 102
46 49 419
46 50 52
46 51 468
46 52 19
46 53 137
46 54 204
46 55 364
46 56 151
46 57 332
46 58 430
46 59 151
46 60 377
46 61 484
46 62 472
46 63 126
46 64 418
46 65 20
46 66 144
46 67 127
46 68 391
46 69 311
46 70 160
46 71 413
46 72 72
46 73 99
46 74 440
46 75 147
46 76 171
46 77 341
46 78 168
46 79 317
46 80 494
46 81 263
46 82 437
46 83 414
46 84 107
46 85 315
46 86 86
46 87 278
46 88 191
46 89 26
46 90 284
46 91 58
46 92 369
46 93 22
46 94 71
46 95 119
46 96 428
46 97 245
46 98 133
46 99 347
46 100 478
47 48 194
47 49 243
47 50 91
47 51 386
47 52 282
47 53 343
47 54 309
47 55 153
47 56 377
47 57 458
47 58 93
47 59 410
47 60 215
47 61 134
47 62 234
47 63 103
47 64 175
47 65 467
47 66 160
47 67 445
47 68 466
47 69 180
47 70 195
47 71 390
47 72 87
47 73 31
47 74 440
47 75 299
47 76 425
47 77 362
47 78 54
47 79 307
47 80 20
47 81 187
47 82 240
47 83 153
47 84 57
47 85 208
47 86 232
47 87 302
47 88 60
47 89 328
47 90 139
47 91 64
47 92 358
47 93 281
47 94 241
47 95 445
47 96 291
47 97 215
47 98 233
47 99 33
47 100 397
48 49 365
48 50 240
48 51 346
48 52 242
48 53 429
48 54 464
48 55 68
48 56 122
48 57 33
48 58 358
48 59 20
48 60 3
48 61 445
48 62 252
48 63 331
48 64 82
48 65 205
48 66 359
48 67 199
48 68 257
48 69 327
48 70 182
48 71 136
48 72 401
48 73 346
48 74 171
48 75 366
48 76 138
48 77 162
48 78 466
48 79 159
48 80 463
48 81 481
48 82 272
48 83 306
48 84 163
48 85 286
48 86 200
48 87 69
48 88 297
48 89 446
48 90 494
48 91 432
48 92 59
48 93 153
48 94 340
48 95 210
48 96 385
48 97 335
48 98 437
48 99 383
48 100 88
49 50 84
49 51 305
49 52 194
49 53 457
49 54 240
49 55 17
49 56 441
49 57 79
49 58 286
49 59 437
49 60 7
49 61 69
49 62 461
49 63 26
49 64 365
49 65 3
49 66 414
49 67 319
49 68 93
49 69 13
49 70 326
49 71 295
49 72 125
49 73 127
49 74 300
49 75 330
49 76 334
49 77 245
49 78 456
49 79 57
49 80 129
49 81 459
49 82 422
49 83 380
49 84 228
49 85 223
49 86 447
49 87 47
49 88 341
49 89 188
49 90 149
49 91 60
49 92 140
49 93 205
49 94 38
49 95 453
49 96 47
49 97 107
49 98 154
49 99 418
49 100 297
50 51 195
50 52 428
50 53 74
50 54 368
50 55 321
50 56 67
50 57 234
50 58 463
50 59 161
50 60 352
50 61 398
50 62 276
50 63 209
50 64 396
50 65 129
50 66 195
50 67 46
50 68 38
50 69 128
50 70 189
50 71 100
50 72 421
50 73 459
50 74 59
50 75 183
50 76 0
50 77 299
50 78 358
50 79 370
50 80 80
50 81 182
50 82 71
50 83 186
50 84 99
50 85 193
50 86 173
50 87 41
50 88 425
50 89 325
50 90 28
50 91 190
50 92 417
50 93 46
50 94 120
50 95 210
50 96 431
50 97 413
50 98 231
50 99 474
50 100 302
51 52 343
51 53 194
51 54 327
51 55 215
51 56 39
51 57 365
51 58 482
51 59 363
51 60 119
51 61 445
51 62 256
51 63 95
51 64 293
51 65 131
51 66 470
51 67 326
51 68 47
51 69 164
51 70 204
51 71 26
51 72 497
51 73 331
51 74 196
51 75 235
51 76 426
51 77 399
51 78 93
51 79 455
51 80 346
51 81 168
51 82 69
51 83 154
51 84 297
51 85 379
51 86 363
51 87 414
51 88 138
51 89 24
51 90 477
51 91 221
51 92 252
51 93 203
51 94 135
51 95 241
51 96 102
51 97 415
51 98 250
51 99 169
51 100 106
52 53 204
52 54 61
52 55 103
52 56 453
52 57 221
52 58 303
52 59 81
52 60 3
52 61 460
52 62 311
52 63 326
52 64 414
52 65 170
52 66 312
52 67 208
52 68 269
52 69 96
52 70 273
52 71 386
52 72 356
52 73 40
52 74 347
52 75 406
52 76 456
52 77 480
52 78 97
52 79 227
52 80 333
52 81 303
52 82 307
52 83 428
52 84 28
52 85 117
52 86 461
52 87 372
52 88 175
52 89 385
52 90 287
52 91 8
52 92 468
52 93 382
52 94 226
52 95 51
52 96 424
52 97 295
52 98 101
52 99 265
52 100 380
53 54 85
53 55 231
53 56 153
53 57 169
53 58 28
53 59 99
53 60 228
53 61 119
53 62 195
53 63 401
53 64 218
53 65 162
53 66 314
53 67 8
53 68 354
53 69 6
53 70 451
53 71 311
53 72 221
53 73 76
53 74 251
53 75 3
53 76 296
53 77 35
53 78 387
53 79 278
53 80 432
53 81 18
53 82 254
53 83 184
53 84 128
53 85 183
53 86 117
53 87 57
53 88 419
53 89 485
53 90 31
53 91 236
53 92 200
53 93 78
53 94 386
53 95 273
53 96 420
53 97 315
53 98 287
53 99 496
53 100 430
54 55 129
54 56 50
54 57 186
54 58 457
54 59 154
54 60 153
54 61 301
54 62 413
54 63 499
54 64 300
54 65 406
54 66 277
54 67 417
54 68 247
54 69 293
54 70 187
54 71 498
54 72 362
54 73 365
54 74 406
54 75 266
54 76 48
54 77 358
54 78 349
54 79 233
54 80 207
54 81 449
54 82 227
54 83 180
54 84 469
54 85 461
54 86 52
54 87 48
54 88 135
54 89 470
54 90 94
54 91 402
54 92 78
54 93 99
54 94 441
54 95 489
54 96 76
54 97 294
54 98 315
54 99 499
54 100 491
55 56 12
55 57 385
55 58 442
55 59 249
55 60 496
55 61 313
55 62 473
55 63 127
55 64 335
55 65 368
55 66 310
55 67 129
55 68 313
55 69 192
55 70 268
55 71 8
55 72 357
55 73 336
55 74 468
55 75 212
55 76 354
55 77 83
55 78 319
55 79 341
55 80 460
55 81 165
55 82 330
55 83 145
55 84 92
55 85 311
55 86 393
55 87 175
55 88 367
55 89 318
55 90 359
55 91 383
55 92 195
55 93 329
55 94 62
55 95 257
55 96 482
55 97 204
55 98 499
55 99 324
55 100 399
56 57 199
56 58 404
56 59 340
56 60 345
56 61 81
56 62 260
56 63 210
56 64 332
56 65 482
56 66 351
56 67 29
56 68 33
56 69 461
56 70 41
56 71 106
56 72 211
56 73 50
56 74 287
56 75 134
56 76 288
56 77 373
56 78 211
56 79 413
56 80 444
56 81 163
56 82 108
56 83 325
56 84 406
56 85 489
56 86 37
56 87 237
56 88 302
56 89 309
56 90 491
56 91 6
56 92 451
56 93 145
56 94 112
56 95 340
56 96 466
56 97 364
56 98 11
56 99 252
56 100 358
57 58 373
57 59 165
57 60 236
57 61 69
57 62 416
57 63 371
57 64 130
57 65 322
57 66 236
57 67 255
57 68 36
57 69 311
57 70 35
57 71 354
57 72 245
57 73 165
57 74 320
57 75 144
57 76 268
57 77 3
57 78 0
57 79 199
57 80 374
57 81 176
57 82 23
57 83 274
57 84 95
57 85 232
57 86 446
57 87 139
57 88 28
57 89 137
57 90 94
57 91 159
57 92 162
57 93 174
57 94 35
57 95 22
57 96 121
57 97 119
57 98 198
57 99 428
57 100 213
58 59 231
58 60 114
58 61 314
58 62 129
58 63 170
58 64 375
58 65 354
58 66 406
58 67 265
58 68 125
58 69 1
58 70 163
58 71 416
58 72 397
58 73 128
58 74 250
58 75 487
58 76 189
58 77 314
58 78 271
58 79 364
58 80 362
58 81 229
58 82 214
58 83 453
58 84 113
58 85 345
58 86 277
58 87 423
58 88 477
58 89 449
58 90 303
58 91 255
58 92 441
58 93 473
58 94 301
58 95 298
58 96 496
58 97 465
58 98 0
58 99 116
58 100 267
59 60 177
59 61 206
59 62 60
59 63 131
59 64 227
59 65 51
59 66 475
59 67 303
59 68 375
59 69 471
59 70 69
59 71 315
59 72 4
59 73 225
59 74 217
59 75 252
59 76 381
59 77 195
59 78 60
59 79 217
59 80 446
59 81 79
59 82 412
59 83 236
59 84 125
59 85 377
59 86 288
59 87 59
59 88 498
59 89 319
59 90 343
59 91 175
59 92 130
59 93 270
59 94 497
59 95 455
59 96 228
59 97 99
59 98 32
59 99 72
59 100 412
60 61 194
60 62 3
60 63 288
60 64 381
60 65 484
60 66 375
60 67 421
60 68 470
60 69 395
60 70 25
60 71 139
60 72 149
60 73 281
60 74 194
60 75 230
60 76 5
60 77 365
60 78 226
60 79 455
60 80 243
60 81 354
60 82 58
60 83 40
60 84 68
60 85 382
60 86 178
60 87 227
60 88 487
60 89 467
60 90 384
60 91 334
60 92 103
60 93 236
60 94 176
60 95 386
60 96 415
60 97 228
60 98 123
60 99 298
60 100 252
61 62 435
61 63 324
61 64 464
61 65 207
61 66 480
61 67 246
61 68 316
61 69 54
61 70 329
61 71 33
61 72 39
61 73 196
61 74 126
61 75 38
61 76 452
61 77 317
61 78 63
61 79 338
61 80 320
61 81 212
61 82 228
61 83 55
61 84 289
61 85 309
61 86 171
61 87 123
61 88 21
61 89 18
61 90 253
61 91 148
61 92 141
61 93 4
61 94 190
61 95 267
61 96 79
61 97 435
61 98 7
61 99 324
61 100 308
62 63 215
62 64 96
62 65 17
62 66 237
62 67 26
62 68 463
62 69 59
62 70 375
62 71 297
62 72 367
62 73 465
62 74 141
62 75 64
62 76 209
62 77 195
62 78 442
62 79 280
62 80 420
62 81 299
62 82 117
62 83 427
62 84 50
62 85 41
62 86 211
62 87 59
62 88 268
62 89 105
62 90 439
62 91 420
62 92 197
62 93 252
62 94 382
62 95 174
62 96 383
62 97 102
62 98 352
62 99 145
62 100 435
63 64 291
63 65 479
63 66 246
63 67 193
63 68 387
63 69 202
63 70 44
63 71 5
63 72 484
63 73 315
63 74 311
63 75 131
63 76 46
63 77 200
63 78 424
63 79 391
63 80 123
63 81 411
63 82 306
63 83 303
63 84 224
63 85 115
63 86 202
63 87 243
63 88 286
63 89 134
63 90 327
63 91 484
63 92 407
63 93 404
63 94 291
63 95 56
63 96 272
63 97 100
63 98 482
63 99 120
63 100 185
64 65 374
64 66 183
64 67 229
64 68 87
64 69 281
64 70 207
64 71 475
64 72 310
64 73 302
64 74 133
64 75 247
64 76 76
64 77 272
64 78 351
64 79 374
64 80 387
64 81 38
64 82 27
64 83 337
64 84 212
64 85 181
64 86 382
64 87 276
64 88 31
64 89 138
64 90 53
64 91 38
64 92 241
64 93 10
64 94 51
64 95 172
64 96 498
64 97 253
64 98 183
64 99 69
64 100 356
65 66 300
65 67 268
65 68 179
65 69 31
65 70 6
65 71 275
65 72 423
65 73 86
65 74 340
65 75 146
65 76 189
65 77 455
65 78 377
65 79 46
65 80 5
65 81 452
65 82 250
65 83 237
65 84 375
65 85 294
65 86 209
65 87 107
65 88 319
65 89 233
65 90 210
65 91 11
65 92 472
65 93 345
65 94 346
65 95 453
65 96 308
65 97 427
65 98 242
65 99 462
65 100 470
66 67 367
66 68 492
66 69 30
66 70 434
66 71 215
66 72 390
66 73 3
66 74 393
66 75 446
66 76 224
66 77 170
66 78 278
66 79 223
66 80 485
66 81 476
66 82 101
66 83 95
66 84 148
66 85 131
66 86 226
66 87 141
66 88 452
66 89 273
66 90 32
66 91 16
66 92 458
66 93 14
66 94 163
66 95 232
66 96 263
66 97 493
66 98 52
66 99 412
66 100 62
67 68 66
67 69 155
67 70 91
67 71 91
67 72 372
67 73 84
67 74 76
67 75 324
67 76 161
67 77 331
67 78 327
67 79 480
67 80 311
67 81 499
67 82 328
67 83 109
67 84 146
67 85 455
67 86 5
67 87 489
67 88 122
67 89 406
67 90 466
67 91 103
67 92 490
67 93 30
67 94 229
67 95 14
67 96 141
67 97 415
67 98 109
67 99 461
67 100 251
68 69 42
68 70 44
68 71 69
68 72 350
68 73 56
68 74 158
68 75 275
68 76 256
68 77 430
68 78 432
68 79 281
68 80 2
68 81 155
68 82 476
68 83 84
68 84 467
68 85 371
68 86 107
68 87 164
68 88 393
68 89 444
68 90 18
68 91 73
68 92 137
68 93 299
68 94 445
68 95 29
68 96 318
68 97 431
68 98 237
68 99 350
68 100 115
69 70 205
69 71 490
69 72 258
69 73 117
69 74 120
69 75 96
69 76 86
69 77 89
69 78 386
69 79 464
69 80 324
69 81 112
69 82 0
69 83 32
69 84 307
69 85 86
69 86 164
69 87 120
69 88 166
69 89 130
69 90 45
69 91 286
69 92 141
69 93 325
69 94 23
69 95 486
69 96 453
69 97 497
69 98 132
69 99 58
69 100 326
70 71 435
70 72 174
70 73 313
70 74 436
70 75 420
70 76 406
70 77 365
70 78 104
70 79 103
70 80 257
70 81 129
70 82 423
70 83 428
70 84 334
70 85 101
70 86 117
70 87 302
70 88 57
70 89 213
70 90 328
70 91 255
70 92 102
70 93 258
70 94 252
70 95 398
70 96 372
70 97 238
70 98 29
70 99 422
70 100 448
71 72 307
71 73 447
71 74 459
71 75 61
71 76 491
71 77 493
71 78 214
71 79 281
71 80 367
71 81 190
71 82 310
71 83 340
71 84 306
71 85 2
71 86 134
71 87 29
71 88 263
71 89 207
71 90 269
71 91 346
71 92 278
71 93 24
71 94 406
71 95 108
71 96 473
71 97 2
71 98 186
71 99 29
71 100 36
72 73 350
72 74 375
72 75 193
72 76 112
72 77 167
72 78 325
72 79 261
72 80 415
72 81 253
72 82 267
72 83 472
72 84 18
72 85 461
72 86 39
72 87 221
72 88 112
72 89 385
72 90 285
72 91 311
72 92 164
72 93 76
72 94 18
72 95 351
72 96 130
72 97 426
72 98 241
72 99 252
72 100 322
73 74 201
73 75 39
73 76 391
73 77 134
73 78 385
73 79 209
73 80 87
73 81 181
73 82 136
73 83 57
73 84 268
73 85 342
73 86 325
73 87 69
73 88 202
73 89 310
73 90 149
73 91 435
73 92 246
73 93 105
73 94 345
73 95 331
73 96 391
73 97 251
73 98 175
73 99 151
73 100 429
74 75 296
74 76 125
74 77 224
74 78 80
74 79 64
74 80 269
74 81 315
74 82 82
74 83 396
74 84 108
74 85 227
74 86 456
74 87 51
74 88 400
74 89 66
74 90 496
74 91 114
74 92 166
74 93 320
74 94 228
74 95 404
74 96 54
74 97 433
74 98 442
74 99 107
74 100 132
75 76 464
75 77 344
75 78 388
75 79 181
75 80 490
75 81 85
75 82 344
75 83 180
75 84 487
75 85 353
75 86 61
75 87 448
75 88 288
75 89 92
75 90 147
75 91 329
75 92 75
75 93 299
75 94 15
75 95 18
75 96 24
75 97 364
75 98 419
75 99 392
75 100 169
76 77 382
76 78 494
76 79 186
76 80 17
76 81 475
76 82 369
76 83 440
76 84 427
76 85 255
76 86 70
76 87 467
76 88 183
76 89 107
76 90 119
76 91 149
76 92 60
76 93 24
76 94 166
76 95 246
76 96 469
76 97 116
76 98 18
76 99 243
76 100 22
77 78 374
77 79 349
77 80 170
77 81 483
77 82 78
77 83 91
77 84 483
77 85 442
77 86 201
77 87 124
77 88 35
77 89 332
77 90 80
77 91 461
77 92 468
77 93 250
77 94 75
77 95 62
77 96 325
77 97 38
77 98 93
77 99 122
77 100 252
78 79 264
78 80 315
78 81 293
78 82 420
78 83 168
78 84 118
78 85 234
78 86 226
78 87 261
78 88 350
78 89 261
78 90 280
78 91 417
78 92 332
78 93 246
78 94 380
78 95 252
78 96 376
78 97 367
78 98 434
78 99 248
78 100 38
79 80 498
79 81 105
79 82 194
79 83 268
79 84 103
79 85 227
79 86 138
79 87 76
79 88 122
79 89 4
79 90 19
79 91 372
79 92 258
79 93 418
79 94 323
79 95 319
79 96 493
79 97 64
79 98 425
79 99 160
79 100 413
80 81 159
80 82 85
80 83 332
80 84 71
80 85 285
80 86 195
80 87 449
80 88 83
80 89 472
80 90 395
80 91 195
80 92 87
80 93 122
80 94 369
80 95 22
80 96 18
80 97 338
80 98 306
80 99 348
80 100 177
81 82 373
81 83 309
81 84 451
81 85 487
81 86 254
81 87 288
81 88 122
81 89 418
81 90 325
81 91 168
81 92 490
81 93 150
81 94 90
81 95 339
81 96 457
81 97 401
81 98 339
81 99 123
81 100 397
82 83 277
82 84 395
82 85 305
82 86 24
82 87 219
82 88 314
82 89 371
82 90 123
82 91 82
82 92 105
82 93 150
82 94 426
82 95 157
82 96 114
82 97 328
82 98 126
82 99 284
82 100 307
83 84 156
83 85 63
83 86 18
83 87 1
83 88 36
83 89 131
83 90 131
83 91 286
83 92 104
83 93 122
83 94 282
83 95 406
83 96 187
83 97 43
83 98 444
83 99 481
83 100 243
84 85 16
84 86 33
84 87 228
84 88 430
84 89 57
84 90 467
84 91 72
84 92 147
84 93 17
84 94 354
84 95 235
84 96 323
84 97 378
84 98 207
84 99 380
84 100 365
85 86 215
85 87 35
85 88 363
85 89 127
85 90 325
85 91 130
85 92 246
85 93 407
85 94 456
85 95 185
85 96 160
85 97 188
85 98 374
85 99 22
85 100 479
86 87 18
86 88 280
86 89 467
86 90 97
86 91 31
86 92 483
86 93 278
86 94 499
86 95 469
86 96 443
86 97 174
86 98 270
86 99 19
86 100 154
87 88 247
87 89 429
87 90 85
87 91 178
87 92 371
87 93 154
87 94 151
87 95 392
87 96 106
87 97 47
87 98 442
87 99 173
87 100 121
88 89 242
88 90 207
88 91 212
88 92 197
88 93 34
88 94 297
88 95 28
88 96 166
88 97 400
88 98 17
88 99 310
88 100 376
89 90 351
89 91 83
89 92 42
89 93 174
89 94 230
89 95 443
89 96 239
89 97 45
89 98 323
89 99 40
89 100 442
90 91 360
90 92 74
90 93 51
90 94 143
90 95 324
90 96 139
90 97 7
90 98 167
90 99 113
90 100 471
91 92 177
91 93 448
91 94 434
91 95 303
91 96 47
91 97 433
91 98 412
91 99 58
91 100 207
92 93 11
92 94 268
92 95 229
92 96 129
92 97 141
92 98 224
92 99 420
92 100 240
93 94 80
93 95 76
93 96 447
93 97 289
93 98 281
93 99 368
93 100 264
94 95 128
94 96 434
94 97 58
94 98 390
94 99 61
94 100 432
95 96 151
95 97 82
95 98 496
95 99 491
95 100 453
96 97 372
96 98 461
96 99 445
96 100 16
97 98 295
97 99 451
97 100 115
98 99 267
98 100 284
99 100 461
